-1
0.203125 0.104167|0.34375 0.229167|
-2
0.578125 0.125|0.578125 0.0625|0.390625 0.104167|
-1
0.75 0.145833|0.828125 0.104167|0.8125 0.270833|
-3
0.675 0.395833|0.796875 0.416667|
-1
0.8125 0.5625|0.828125 0.6875|
-2
0.5625 0.645833|0.5625 0.520833|0.546875 0.791667|
-1
0.390625 0.666667|0.40625 0.541667|0.25 0.729167|
-1
0.25 0.458333|0.203125 0.458333|0.203125 0.375|
-1
0.4375 0.375|0.625 0.291667|
0.984375 0.375 0.875 0.958333B
0.984375 0.333333 0.875 0.0416667B
0.421875 0.458333 0.671875 0.458333B
0.125 0.0208333 0.125 0.958333A
0.15625 0.0208333 0.953125 0.0208333A
0.6875 0.791667 0.828125 0.770833A
